1.0 0.99 0.48 0.33 0.25 0.99 0.52 0.35 0.16 0.97 0.94 0.99 0.26 0.95 0.9 0.98 0.41 0.26 0.98 0.57 
0.99 1.0 0.57 0.38 0.28 0.98 0.55 0.38 0.16 0.94 0.93 0.99 0.3 0.92 0.86 0.98 0.51 0.27 0.98 0.6 
0.48 0.57 1.0 0.56 0.4 0.47 0.67 0.55 0.33 0.28 0.37 0.47 0.58 0.26 0.34 0.53 0.92 0.51 0.49 0.7 
0.33 0.38 0.56 1.0 0.94 0.31 0.45 0.88 0.27 0.22 0.3 0.34 0.52 0.25 0.31 0.38 0.68 0.46 0.38 0.55 
0.25 0.28 0.4 0.94 1.0 0.25 0.32 0.91 0.23 0.2 0.23 0.26 0.42 0.21 0.23 0.28 0.52 0.33 0.29 0.32 
0.99 0.98 0.47 0.31 0.25 1.0 0.49 0.37 0.18 0.97 0.92 0.99 0.27 0.93 0.86 0.96 0.41 0.23 0.97 0.49 
0.52 0.55 0.67 0.45 0.32 0.49 1.0 0.35 0.63 0.43 0.56 0.56 0.75 0.46 0.63 0.58 0.71 0.78 0.61 0.83 
0.35 0.38 0.55 0.88 0.91 0.37 0.35 1.0 0.25 0.27 0.22 0.32 0.46 0.21 0.27 0.31 0.67 0.35 0.4 0.36 
0.16 0.16 0.33 0.27 0.23 0.18 0.63 0.25 1.0 0.13 0.31 0.2 0.94 0.11 0.2 0.17 0.32 0.92 0.2 0.35 
0.97 0.94 0.28 0.22 0.2 0.97 0.43 0.27 0.13 1.0 0.93 0.97 0.18 0.97 0.88 0.93 0.25 0.17 0.95 0.42 
0.94 0.93 0.37 0.3 0.23 0.92 0.56 0.22 0.31 0.93 1.0 0.96 0.36 0.97 0.9 0.96 0.28 0.36 0.91 0.54 
0.99 0.99 0.47 0.34 0.26 0.99 0.56 0.32 0.2 0.97 0.96 1.0 0.3 0.96 0.9 0.99 0.42 0.28 0.98 0.58 
0.26 0.3 0.58 0.52 0.42 0.27 0.75 0.46 0.94 0.18 0.36 0.3 1.0 0.15 0.26 0.29 0.61 0.95 0.32 0.54 
0.95 0.92 0.26 0.25 0.21 0.93 0.46 0.21 0.11 0.97 0.97 0.96 0.15 1.0 0.94 0.95 0.19 0.18 0.92 0.48 
0.9 0.86 0.34 0.31 0.23 0.86 0.63 0.27 0.2 0.88 0.9 0.9 0.26 0.94 1.0 0.9 0.28 0.36 0.9 0.67 
0.98 0.98 0.53 0.38 0.28 0.96 0.58 0.31 0.17 0.93 0.96 0.99 0.29 0.95 0.9 1.0 0.45 0.29 0.95 0.64 
0.41 0.51 0.92 0.68 0.52 0.41 0.71 0.67 0.32 0.25 0.28 0.42 0.61 0.19 0.28 0.45 1.0 0.51 0.5 0.72 
0.26 0.27 0.51 0.46 0.33 0.23 0.78 0.35 0.92 0.17 0.36 0.28 0.95 0.18 0.36 0.29 0.51 1.0 0.3 0.66 
0.98 0.98 0.49 0.38 0.29 0.97 0.61 0.4 0.2 0.95 0.91 0.98 0.32 0.92 0.9 0.95 0.5 0.3 1.0 0.61 
0.57 0.6 0.7 0.55 0.32 0.49 0.83 0.36 0.35 0.42 0.54 0.58 0.54 0.48 0.67 0.64 0.72 0.66 0.61 1.0 
